17,67
17,66
17,65
17,64
17,37
17,36
17,35
17,34
17,33
19,386
19,385
19,384
19,222
19,424
19,383
19,382
19,381
19,380
19,379
19,221
19,378
19,220
19,377
19,219
19,376
19,375
19,218
19,374
19,373
19,372
19,371
19,370
19,369
19,368
19,367
19,366
19,365
19,364
19,363
19,362
19,361
19,360
19,359
19,358
19,357
19,356
19,355
19,354
19,353
19,352
19,351
19,350
19,349
19,348
19,347
19,346
19,345
19,343
19,342
19,341
19,340
19,339
19,338
19,337
19,217
19,336
19,335
19,334
19,216
19,333
19,332
19,331
19,330
19,329
19,328
19,327
19,215
19,326
19,325
19,214
19,324
19,323
19,322
19,321
19,213
19,320
19,344
19,212
19,319
19,211
19,318
19,317
19,315
19,314
19,210
19,313
19,312
19,311
19,310
19,309
19,308
19,307
19,306
19,305
19,209
19,304
19,303
19,302
19,301
19,300
19,208
19,207
19,206
19,299
19,298
19,205
19,297
19,296
19,295
19,204
19,294
19,203
19,202
19,293
19,292
19,291
19,201
19,290
19,200
19,289
19,288
19,287
19,286
19,285
19,284
19,199
19,283
19,198
19,282
19,281
19,197
19,196
19,280
19,279
19,278
19,277
19,276
19,275
19,274
19,273
19,195
19,272
19,271
19,270
19,194
19,269
19,268
19,267
19,266
19,265
19,264
19,263
19,262
19,261
19,193
19,260
19,259
19,258
19,257
19,256
19,316
19,191
19,190
19,189
19,188
19,187
19,192
19,186
19,185
19,184
19,183
19,182
19,181
19,180
19,179
19,178
19,177
19,176
19,175
19,174
19,173
19,172
19,171
19,170
19,169
19,168
19,167
19,166
19,165
19,164
19,163
19,162
19,161
19,160
19,159
19,158
19,157
19,156
19,155
19,154
19,153
19,152
19,151
19,150
19,149
19,148
19,147
19,146
19,145
19,144
19,143
19,142
19,140
19,139
19,138
19,137
19,136
19,135
19,134
19,133
19,132
19,131
19,130
19,129
19,128
19,141
19,127
19,126
19,125
19,124
24,1
24,0
23,3
23,2
23,1
23,0
22,3
22,2
22,1
22,0
21,4
21,3
21,2
21,1
21,0
20,3
20,2
20,1
20,0
19,123
19,122
19,121
19,120
19,119
19,118
19,117
19,116
19,115
19,114
19,113
19,112
19,111
19,110
19,109
19,108
19,107
19,106
19,105
19,104
19,103
19,102
19,101
19,100
19,99
19,98
19,97
19,96
19,95
19,94
19,93
19,92
19,91
19,90
19,89
19,88
19,87
19,86
19,85
19,84
19,83
19,82
19,81
19,80
19,79
19,78
19,77
19,76
19,75
19,74
19,73
19,72
19,71
19,70
19,69
19,68
19,67
19,66
19,65
19,64
19,63
19,62
19,61
19,60
19,59
19,58
19,57
19,56
19,55
19,54
19,53
19,52
19,51
19,50
19,49
19,48
19,47
19,46
19,45
19,44
19,43
19,42
19,41
19,40
19,39
19,38
19,37
19,36
19,35
19,34
19,33
19,32
19,31
19,30
19,29
19,28
19,27
19,26
19,25
19,24
19,23
19,22
19,21
19,20
19,19
19,18
19,17
19,16
19,15
19,14
19,13
19,12
19,11
19,10
19,9
19,8
19,7
19,6
19,5
19,4
19,3
19,2
19,1
19,0
18,5
18,4
18,3
18,2
18,1
18,0
17,32
17,31
17,30
17,29
17,28
17,27
17,26
17,25
17,24
17,23
17,22
17,21
17,20
17,19
17,18
17,17
17,16
17,15
17,14
17,13
17,12
17,11
17,10
17,9
17,8
17,7
17,6
17,5
17,4
17,3
17,2
17,1
17,0
16,8
16,6
16,5
16,4
16,3
16,2
16,1
16,0
15,5
15,4
15,3
15,2
15,1
15,0
14,3
14,2
14,1
14,0
13,6
13,5
13,4
13,3
13,2
13,1
13,0
12,3
12,2
12,1
12,0
11,3
11,2
11,1
11,0
10,3
10,2
10,1
10,0
7,3
5,7
5,6
5,5
5,4
5,3
5,2
5,0
4,3
3,2
3,0
2,2
2,0
1,2
1,0
0,52
0,51
0,9
0,2
0,0
24,2
24,3
25,1
25,2
26,0
26,1
26,3
27,1
27,2
28,0
28,1
28,3
29,1
29,2
29,4
30,0
30,2
30,3
31,0
31,2
31,3
32,1
32,2
32,4
33,1
33,2
34,0
34,1
34,3
34,4
34,6
35,1
35,2
36,0
36,1
36,3
37,0
37,1
37,3
37,4
38,1
38,2
38,4
38,6
38,7
38,9
39,0
39,2
40,0
40,1
40,3
40,4
41,1
41,3
41,4
42,1
42,2
42,4
42,5
43,1
43,3
43,4
44,0
44,1
44,3
45,0
45,1
45,3
45,4
45,6
46,0
46,2
46,3
46,1
45,5
45,2
44,4
44,2
43,5
43,2
43,0
42,3
42,0
41,2
41,0
40,2
39,3
39,1
38,8
38,5
38,3
38,0
37,2
36,4
36,2
35,3
35,0
34,5
34,2
33,3
33,0
32,3
32,0
31,1
30,4
30,1
29,3
29,0
28,2
27,3
27,0
26,2
25,3
25,0
1,45
3,44
2,44
1,44
3,43
2,43
1,43
3,42
2,42
1,42
3,41
2,41
1,41
3,40
2,40
1,40
3,39
2,39
1,39
3,38
2,38
1,38
3,37
2,37
1,37
3,36
2,36
1,36
3,35
2,35
1,35
3,34
2,34
1,34
3,33
2,33
1,33
3,32
2,32
1,32
3,31
2,31
1,31
3,30
2,30
1,30
3,29
2,29
1,29
3,28
2,28
1,28
3,27
2,27
1,27
3,26
2,26
1,26
3,25
2,25
1,25
3,24
2,24
1,24
3,23
2,23
1,23
3,22
2,22
1,22
3,21
2,21
1,21
3,20
2,20
1,20
3,19
2,19
1,19
3,18
2,18
1,18
3,17
2,17
1,17
3,16
2,16
1,16
3,15
2,15
1,15
3,14
2,14
1,14
3,13
2,13
1,13
3,12
2,12
1,12
3,11
2,11
1,11
3,10
2,10
1,10
3,9
2,9
1,9
3,8
2,8
1,8
3,7
2,7
1,7
3,6
2,6
1,6
3,5
2,5
1,5
3,4
2,4
1,4
3,3
2,3
1,3
0,6
0,47
0,46
0,49
0,48
0,45
0,12
0,50
0,10
0,8
0,11
0,5
0,7
0,4
0,3
