15,123
32,4
24,3
21,4
20,4
47,79
47,78
47,77
47,76
47,75
47,74
47,73
47,72
47,71
47,69
47,68
47,67
47,66
47,65
47,64
47,38
47,37
47,36
47,5
47,4
47,3
47,2
47,1
47,0
46,3
45,5
45,3
43,3
41,3
40,3
38,9
38,6
38,3
36,3
34,6
34,5
34,4
34,3
34,2
34,0
33,3
32,3
31,3
30,3
27,3
26,3
25,3
23,3
22,3
21,3
20,5
20,3
19,17
19,16
19,15
19,14
19,13
19,12
19,11
19,10
19,9
19,8
19,7
19,6
19,5
19,4
19,3
19,2
19,0
18,5
16,7
16,6
16,5
16,4
16,3
15,207
15,122
15,3
15,2
15,0
14,3
13,3
12,3
11,3
10,3
7,3
5,7
5,6
5,5
5,4
5,3
4,3
3,2
3,0
2,2
2,0
1,2
1,0
0,52
0,51
0,9
0,0
1,45
3,44
2,44
1,44
3,43
2,43
1,43
3,42
2,42
1,42
3,41
2,41
1,41
3,40
2,40
1,40
3,39
2,39
1,39
3,38
2,38
1,38
3,37
2,37
1,37
3,36
2,36
1,36
3,35
2,35
1,35
3,34
2,34
1,34
3,33
2,33
1,33
3,32
2,32
1,32
3,31
2,31
1,31
3,30
2,30
1,30
3,29
2,29
1,29
3,28
2,28
1,28
3,27
2,27
1,27
3,26
2,26
1,26
3,25
2,25
1,25
3,24
2,24
1,24
3,23
2,23
1,23
3,22
2,22
1,22
3,21
2,21
1,21
3,20
2,20
1,20
3,19
2,19
1,19
3,18
2,18
1,18
3,17
2,17
1,17
3,16
2,16
1,16
3,15
2,15
1,15
3,14
2,14
1,14
3,13
2,13
1,13
3,12
2,12
1,12
3,11
2,11
1,11
3,10
2,10
1,10
3,9
2,9
1,9
3,8
2,8
1,8
3,7
2,7
1,7
3,6
2,6
1,6
3,5
2,5
1,5
3,4
2,4
1,4
3,3
2,3
1,3
0,6
0,47
0,46
0,49
0,48
0,45
0,12
0,50
0,10
0,8
0,11
0,5
0,7
0,4
0,3
